pw : 0.4540000
ph : 0.4540000
time : 20.12

